# rank	test_index	similarity
1	152	0.297093
2	295	0.277440
3	1797	0.276204
4	954	0.267591
5	1806	0.265554
6	1155	0.246951
7	714	0.245162
8	1288	0.244495
9	1245	0.241334
10	1977	0.239415
11	74	0.236116
12	238	0.234248
13	1094	0.232504
14	2421	0.223847
15	2430	0.223200
16	1393	0.222578
17	2208	0.213747
18	739	0.212072
19	420	0.208915
20	510	0.208588
21	1286	0.208362
22	1176	0.207787
23	654	0.206719
24	1046	0.205571
25	859	0.204638
26	1307	0.204002
27	403	0.201980
28	69	0.201826
29	2223	0.200626
30	724	0.197136
31	1981	0.196400
32	625	0.195199
33	1401	0.195151
34	575	0.195013
35	2079	0.194354
36	942	0.193680
37	430	0.192545
38	507	0.190927
39	940	0.190548
40	2145	0.190541
41	2490	0.189787
42	211	0.188715
43	549	0.185471
44	1801	0.184977
45	1631	0.184719
46	417	0.184241
47	994	0.184074
48	2169	0.183944
49	918	0.182025
50	320	0.181655
51	1564	0.181562
52	544	0.179667
53	203	0.178967
54	1542	0.178203
55	1640	0.178047
56	1951	0.178006
57	2339	0.177983
58	301	0.177548
59	1361	0.177129
60	427	0.176058
61	2212	0.176048
62	595	0.175295
63	913	0.174613
64	692	0.174499
65	1478	0.174373
66	1985	0.174243
67	20	0.171562
68	737	0.171458
69	937	0.170545
70	2329	0.169611
71	2217	0.169009
72	1636	0.168738
73	1695	0.168735
74	2372	0.166085
75	1072	0.165973
76	2235	0.165492
77	1767	0.164683
78	253	0.164194
79	1996	0.164140
80	1514	0.163890
81	1432	0.163887
82	60	0.163620
83	577	0.163546
84	220	0.162169
85	479	0.160768
86	254	0.160688
87	1369	0.159246
88	1641	0.159063
89	1426	0.158767
90	2052	0.158742
91	326	0.158455
92	991	0.158144
93	520	0.157777
94	2460	0.157704
95	2153	0.157656
96	11	0.157634
97	2316	0.157633
98	1876	0.156525
99	1938	0.156245
100	288	0.156241
101	1518	0.154839
102	1691	0.154020
103	381	0.153815
104	1163	0.153631
105	2333	0.153012
106	2498	0.152600
107	2477	0.151980
108	1065	0.151741
109	1376	0.151728
110	1941	0.151367
111	1600	0.151335
112	1653	0.151159
113	1984	0.151139
114	608	0.151100
115	1229	0.150291
116	2358	0.149770
117	428	0.149725
118	2306	0.149429
119	346	0.149333
120	194	0.148629
121	1050	0.148353
122	280	0.147281
123	314	0.147158
124	1387	0.147140
125	976	0.145995
126	180	0.145758
127	2360	0.145668
128	1979	0.145604
129	2011	0.145352
130	242	0.145337
131	1370	0.144853
132	1442	0.143391
133	184	0.143226
134	1962	0.141542
135	1197	0.141515
136	1678	0.141346
137	104	0.141155
138	569	0.141131
139	2388	0.141056
140	504	0.140985
141	1498	0.140887
142	485	0.140467
143	269	0.140432
144	1802	0.140372
145	411	0.140356
146	236	0.140271
147	967	0.140035
148	22	0.139947
149	2205	0.139900
150	461	0.139787
151	1023	0.139375
152	2493	0.139321
153	1161	0.138617
154	1680	0.138385
155	1903	0.137925
156	1044	0.137799
157	723	0.137778
158	1743	0.136703
159	2089	0.136699
160	2416	0.136293
161	2265	0.136079
162	963	0.136042
163	217	0.135484
164	1809	0.135379
165	274	0.135337
166	1324	0.135208
167	2046	0.135104
168	1298	0.133804
169	1957	0.133327
170	2405	0.133017
171	191	0.132766
172	1855	0.132436
173	1856	0.132289
174	2240	0.132246
175	896	0.131934
176	451	0.131413
177	340	0.131094
178	2302	0.130749
179	1840	0.130384
180	4	0.129823
181	469	0.129396
182	1592	0.129363
183	528	0.129153
184	1449	0.128613
185	1774	0.128354
186	541	0.128349
187	1247	0.128315
188	1539	0.127966
189	1287	0.127888
190	1532	0.127670
191	2301	0.127400
192	2070	0.126795
193	779	0.126511
194	2449	0.126422
195	1845	0.126190
196	2022	0.126093
197	201	0.126006
198	630	0.125867
199	333	0.125204
200	2328	0.125161
201	475	0.125050
202	1151	0.124886
203	1944	0.124792
204	1807	0.124744
205	2378	0.124725
206	553	0.124416
207	2269	0.124351
208	1813	0.124305
209	286	0.123687
210	2389	0.123645
211	2364	0.123086
212	2234	0.122881
213	2181	0.122193
214	126	0.122189
215	1873	0.121617
216	1261	0.121259
217	2200	0.121072
218	686	0.120522
219	1567	0.120415
220	1627	0.120045
221	169	0.120008
222	599	0.119900
223	2491	0.119673
224	281	0.118820
225	588	0.118786
226	1776	0.118477
227	822	0.118436
228	335	0.118149
229	881	0.117505
230	699	0.117362
231	2053	0.117029
232	2412	0.116866
233	2141	0.116809
234	1916	0.116670
235	1004	0.116576
236	117	0.116057
237	1413	0.115912
238	83	0.115854
239	484	0.115426
240	1146	0.115003
241	499	0.114817
242	452	0.114735
243	1630	0.114289
244	1158	0.114172
245	788	0.114139
246	1421	0.113062
247	1384	0.112742
248	691	0.112635
249	2213	0.112422
250	1512	0.112384
251	790	0.112380
252	79	0.112289
253	221	0.112181
254	371	0.112085
255	827	0.111673
256	1723	0.111556
257	879	0.111483
258	297	0.111403
259	1438	0.111205
260	797	0.111196
261	17	0.111118
262	578	0.111105
263	2130	0.111096
264	539	0.110669
265	816	0.110556
266	229	0.110481
267	1169	0.110374
268	1218	0.110310
269	1358	0.110243
270	616	0.110120
271	1230	0.109016
272	846	0.108989
273	2222	0.108701
274	1671	0.108487
275	1899	0.107988
276	303	0.107843
277	2474	0.107351
278	1352	0.107268
279	1613	0.107218
280	1068	0.107165
281	1439	0.107122
282	276	0.106753
283	1900	0.106673
284	883	0.106603
285	1390	0.106463
286	1998	0.106368
287	2149	0.106259
288	245	0.106203
289	385	0.105712
290	1522	0.105696
291	981	0.105652
292	2318	0.105645
293	968	0.105577
294	1731	0.105474
295	316	0.104503
296	687	0.104496
297	2357	0.104274
298	2191	0.104081
299	762	0.104063
300	1672	0.103873
301	1879	0.103832
302	1270	0.103766
303	946	0.103622
304	2203	0.103307
305	1530	0.103000
306	824	0.102952
307	1604	0.102884
308	1902	0.102703
309	1040	0.102684
310	1589	0.102667
311	1810	0.102652
312	319	0.102563
313	2172	0.102419
314	1612	0.102350
315	925	0.102016
316	1144	0.101984
317	493	0.101926
318	2220	0.101700
319	1591	0.101688
320	113	0.101124
321	91	0.101059
322	2031	0.100910
323	950	0.100715
324	1081	0.100617
325	1972	0.100306
326	1932	0.100005
327	232	0.099956
328	1474	0.099884
329	264	0.099522
330	2407	0.099455
331	1054	0.099204
332	1342	0.099175
333	1989	0.098583
334	1238	0.098568
335	1110	0.098405
336	1831	0.098287
337	1709	0.098004
338	196	0.097564
339	649	0.097460
340	2018	0.097246
341	834	0.096061
342	227	0.095900
343	683	0.095458
344	1136	0.095327
345	646	0.095290
346	438	0.094977
347	760	0.094951
348	556	0.094766
349	1725	0.094733
350	1804	0.094316
351	1150	0.093761
352	1078	0.093548
353	1305	0.093389
354	734	0.093344
355	1823	0.093301
356	155	0.093089
357	1454	0.092818
358	2239	0.092713
359	1525	0.092632
360	44	0.092619
361	1007	0.092543
362	1092	0.092273
363	2095	0.092258
364	2263	0.092005
365	2108	0.091967
366	1122	0.091866
367	1026	0.091794
368	1549	0.091788
369	416	0.091784
370	2446	0.091781
371	1629	0.091749
372	2353	0.091612
373	1559	0.091166
374	2310	0.090952
375	1006	0.090902
376	639	0.090774
377	1154	0.090677
378	1795	0.090541
379	643	0.090412
380	2227	0.090144
381	1836	0.089984
382	173	0.089918
383	845	0.089605
384	1980	0.089229
385	782	0.089195
386	652	0.089060
387	2369	0.088898
388	1904	0.088805
389	421	0.088554
390	1445	0.088550
391	1160	0.088482
392	150	0.088444
393	1792	0.088442
394	514	0.088286
395	969	0.088226
396	393	0.087737
397	2355	0.087721
398	1049	0.087696
399	648	0.087508
400	1252	0.087414
401	2266	0.087414
402	1679	0.087369
403	1700	0.087364
404	1389	0.087180
405	1505	0.087145
406	10	0.087030
407	1275	0.086975
408	1308	0.086967
409	380	0.086830
410	736	0.086827
411	1907	0.086824
412	2040	0.086742
413	1885	0.086741
414	862	0.086607
415	2428	0.086403
416	460	0.086297
417	2167	0.086161
418	225	0.085921
419	1637	0.085760
420	1494	0.085730
421	2001	0.085505
422	1852	0.085494
423	513	0.085451
424	1835	0.085349
425	2286	0.085108
426	1830	0.084865
427	2162	0.084810
428	2359	0.084797
429	16	0.084614
430	1103	0.084584
431	522	0.084541
432	96	0.084301
433	1231	0.084191
434	584	0.084004
435	745	0.083798
436	1791	0.083733
437	1422	0.083568
438	765	0.083489
439	1014	0.083458
440	653	0.083336
441	94	0.083226
442	454	0.083205
443	923	0.083062
444	284	0.082974
445	1185	0.082793
446	2020	0.082743
447	1897	0.082658
448	2335	0.082608
449	665	0.082463
450	2146	0.082402
451	2459	0.082253
452	1115	0.081706
453	694	0.081518
454	795	0.081062
455	1469	0.080929
456	1651	0.080724
457	1148	0.080659
458	548	0.080490
459	1126	0.080342
460	182	0.080257
461	1291	0.080213
462	2206	0.080163
463	111	0.080141
464	858	0.079767
465	1925	0.079563
466	2334	0.079162
467	1940	0.079029
468	936	0.078678
469	64	0.078636
470	99	0.078633
471	2326	0.078505
472	1084	0.077912
473	1895	0.077792
474	331	0.077295
475	167	0.077075
476	2009	0.076985
477	703	0.076769
478	1527	0.076603
479	1683	0.076371
480	1415	0.076349
481	1573	0.076257
482	1752	0.076254
483	1237	0.076104
484	1074	0.075943
485	933	0.075762
486	833	0.075742
487	701	0.075711
488	1819	0.075607
489	1890	0.075530
490	722	0.075083
491	872	0.074879
492	75	0.074741
493	1880	0.074671
494	1915	0.074601
495	2376	0.074437
496	1939	0.074327
497	1682	0.074161
498	2163	0.074139
499	1937	0.073866
500	849	0.073840
501	901	0.073704
502	2216	0.073641
503	2308	0.073616
504	185	0.073303
505	1312	0.073234
506	1304	0.073215
507	780	0.073102
508	444	0.072993
509	2035	0.072763
510	1656	0.072673
511	1574	0.072605
512	410	0.072572
513	693	0.072440
514	1740	0.072421
515	1333	0.072226
516	1950	0.072211
517	1484	0.072160
518	470	0.072050
519	258	0.072035
520	2499	0.072017
521	2431	0.071952
522	804	0.071737
523	353	0.071658
524	210	0.071536
525	466	0.071496
526	1775	0.071330
527	2214	0.071280
528	356	0.071234
529	1470	0.071202
530	2004	0.071099
531	114	0.071097
532	2447	0.071053
533	1639	0.071038
534	437	0.070768
535	1943	0.070710
536	1336	0.070670
537	1125	0.070645
538	1753	0.070506
539	1920	0.070409
540	1338	0.070159
541	2321	0.070028
542	172	0.069937
543	1500	0.069768
544	2274	0.069679
545	2415	0.069637
546	240	0.069427
547	1456	0.069423
548	1440	0.069228
549	721	0.069169
550	1847	0.068495
551	1786	0.068453
552	799	0.068384
553	766	0.068120
554	1039	0.068089
555	1350	0.068046
556	175	0.067991
557	1038	0.067973
558	730	0.067962
559	1177	0.067890
560	2197	0.067876
561	1501	0.067688
562	195	0.067644
563	1335	0.067537
564	1694	0.067464
565	1777	0.067265
566	2192	0.067232
567	2082	0.067201
568	2365	0.067176
569	1568	0.067051
570	1424	0.066612
571	1042	0.066585
572	55	0.066427
573	503	0.066334
574	2045	0.066253
575	1710	0.066139
576	713	0.066113
577	1990	0.066107
578	613	0.065781
579	592	0.065591
580	2037	0.065565
581	2038	0.065543
582	2143	0.065534
583	1299	0.065474
584	1677	0.065437
585	86	0.065298
586	757	0.065030
587	2432	0.065010
588	851	0.064978
589	570	0.064938
590	480	0.064885
591	1945	0.064706
592	1582	0.064576
593	2382	0.064347
594	369	0.064205
595	1368	0.064052
596	866	0.064048
597	156	0.063904
598	19	0.063796
599	1322	0.063772
600	1655	0.063661
601	1644	0.063435
602	935	0.063402
603	259	0.063396
604	591	0.063173
605	2006	0.062924
606	2362	0.062769
607	1796	0.062728
608	1181	0.062720
609	763	0.062581
610	551	0.062555
611	2466	0.062490
612	2116	0.062484
613	1152	0.062362
614	1495	0.061933
615	1846	0.061931
616	2366	0.061922
617	409	0.061855
618	1188	0.061851
619	1321	0.061781
620	2069	0.061708
621	847	0.061519
622	1550	0.061297
623	100	0.061126
624	988	0.061083
625	1652	0.061018
626	231	0.060795
627	1284	0.060540
628	2194	0.060394
629	2107	0.060284
630	2072	0.060284
631	2373	0.060252
632	2196	0.060146
633	1815	0.060081
634	2180	0.060057
635	702	0.059914
636	1400	0.059897
637	1251	0.059556
638	1346	0.059432
639	1668	0.059380
640	1207	0.059345
641	1250	0.059136
642	2383	0.059099
643	1021	0.059040
644	458	0.058824
645	189	0.058714
646	1386	0.058407
647	2138	0.058340
648	1543	0.058256
649	186	0.058223
650	1118	0.057961
651	664	0.057879
652	1910	0.057846
653	1106	0.057752
654	165	0.057409
655	18	0.057333
656	2252	0.057307
657	2341	0.057180
658	746	0.057163
659	2165	0.057134
660	13	0.057054
661	213	0.056934
662	676	0.056892
663	1928	0.056888
664	278	0.056870
665	1127	0.056842
666	447	0.056820
667	1450	0.056778
668	1070	0.056661
669	486	0.056547
670	434	0.056507
671	1097	0.056407
672	418	0.056332
673	317	0.056326
674	1761	0.056271
675	1820	0.056171
676	1973	0.056143
677	2427	0.056080
678	80	0.055977
679	218	0.055786
680	1537	0.055753
681	999	0.055722
682	611	0.055338
683	136	0.055239
684	2424	0.055186
685	1850	0.054935
686	803	0.054930
687	1874	0.054863
688	1705	0.054860
689	119	0.054687
690	1209	0.054655
691	2298	0.054397
692	158	0.054270
693	1848	0.054195
694	1720	0.054044
695	705	0.053927
696	1864	0.053913
697	1947	0.053696
698	2262	0.053595
699	604	0.053494
700	680	0.053468
701	2161	0.053425
702	1706	0.053301
703	339	0.053166
704	1503	0.053003
705	1620	0.052914
706	1756	0.052895
707	327	0.052760
708	1598	0.052737
709	711	0.052662
710	2363	0.052486
711	1554	0.052474
712	2092	0.051980
713	930	0.051912
714	1353	0.051860
715	825	0.051624
716	487	0.051594
717	1793	0.051534
718	508	0.051532
719	1105	0.051468
720	673	0.051265
721	566	0.051023
722	2386	0.050886
723	1735	0.050845
724	798	0.050811
725	1077	0.050654
726	2008	0.050508
727	811	0.050358
728	1556	0.050349
729	257	0.050233
730	384	0.049945
731	596	0.049836
732	1732	0.049689
733	2481	0.049649
734	1427	0.049247
735	1618	0.049236
736	2350	0.049059
737	1670	0.049053
738	1733	0.049013
739	198	0.048996
740	561	0.048884
741	1548	0.048811
742	1663	0.048794
743	1254	0.048763
744	228	0.048732
745	832	0.048666
746	1093	0.048652
747	415	0.048578
748	1931	0.048486
749	2059	0.048469
750	1452	0.048445
751	1608	0.048418
752	2242	0.048111
753	92	0.048093
754	209	0.048090
755	1101	0.048034
756	1844	0.048022
757	2210	0.048008
758	266	0.047985
759	190	0.047840
760	2098	0.047813
761	1666	0.047705
762	1404	0.047563
763	1772	0.047507
764	1362	0.047440
765	1701	0.047425
766	706	0.047353
767	1410	0.047276
768	2483	0.047071
769	239	0.047069
770	1406	0.046797
771	465	0.046756
772	1451	0.046696
773	188	0.046691
774	1457	0.046667
775	1726	0.045872
776	602	0.045862
777	1405	0.045828
778	1031	0.045789
779	223	0.045745
780	1967	0.045723
781	1319	0.045680
782	1634	0.045248
783	2058	0.045123
784	268	0.045046
785	1685	0.044836
786	1513	0.044833
787	1580	0.044792
788	2351	0.044558
789	892	0.044267
790	2221	0.043911
791	118	0.043843
792	670	0.043830
793	1583	0.043817
794	1959	0.043755
795	1073	0.043713
796	147	0.043654
797	129	0.043544
798	1001	0.043484
799	568	0.043405
800	491	0.043340
801	45	0.043100
802	2093	0.043096
803	1570	0.042943
804	1828	0.042914
805	1911	0.042812
806	748	0.042793
807	2344	0.042627
808	294	0.042565
809	389	0.042474
810	1013	0.042269
811	1071	0.042055
812	709	0.041809
813	1147	0.041706
814	2021	0.041705
815	215	0.041622
816	2039	0.041510
817	1983	0.041502
818	854	0.041480
819	1878	0.041323
820	1253	0.041259
821	903	0.041150
822	1425	0.041122
823	2177	0.041108
824	2067	0.041066
825	1062	0.041029
826	938	0.040934
827	628	0.040922
828	900	0.040803
829	2492	0.040698
830	2443	0.040620
831	1906	0.040476
832	586	0.040313
833	1391	0.040304
834	2042	0.040207
835	1302	0.040130
836	1435	0.040118
837	53	0.040097
838	606	0.039835
839	199	0.039686
840	874	0.039676
841	2349	0.039623
842	970	0.039474
843	1766	0.039417
844	439	0.039365
845	1534	0.039334
846	1924	0.039319
847	1585	0.039272
848	2439	0.039236
849	1565	0.039204
850	2312	0.039164
851	2455	0.039163
852	2433	0.039069
853	52	0.039035
854	87	0.038952
855	57	0.038947
856	732	0.038672
857	944	0.038553
858	1780	0.038350
859	352	0.038292
860	868	0.038263
861	877	0.038259
862	1946	0.038190
863	902	0.038059
864	1888	0.037998
865	260	0.037790
866	2294	0.037663
867	2073	0.037542
868	679	0.037424
869	997	0.037392
870	2489	0.037377
871	1272	0.036916
872	500	0.036490
873	1956	0.036488
874	943	0.036424
875	310	0.036294
876	919	0.036072
877	986	0.035670
878	880	0.035607
879	70	0.035486
880	1428	0.035407
881	183	0.035302
882	785	0.035268
883	2253	0.035266
884	1396	0.035235
885	973	0.035059
886	1372	0.034922
887	1623	0.034791
888	778	0.034596
889	2105	0.034376
890	978	0.034363
891	2049	0.034108
892	1212	0.034089
893	2257	0.034030
894	650	0.033951
895	2068	0.033900
896	204	0.033887
897	1363	0.033884
898	81	0.033757
899	1116	0.033585
900	852	0.033433
901	1541	0.033416
902	1857	0.033403
903	750	0.033358
904	1279	0.033319
905	793	0.033295
906	2338	0.033285
907	2183	0.032787
908	1132	0.032749
909	707	0.032714
910	1159	0.032702
911	621	0.032573
912	2467	0.032517
913	1473	0.032465
914	2147	0.032444
915	2408	0.032289
916	1569	0.032170
917	300	0.032081
918	1762	0.032037
919	2289	0.031938
920	1202	0.031818
921	1883	0.031599
922	289	0.031545
923	396	0.031508
924	1323	0.031485
925	1843	0.031354
926	2202	0.031318
927	2496	0.031262
928	1244	0.031145
929	1359	0.031018
930	972	0.031000
931	206	0.030969
932	2152	0.030563
933	1356	0.030454
934	914	0.030447
935	1392	0.030425
936	910	0.030389
937	2176	0.030367
938	2128	0.030248
939	573	0.030244
940	2085	0.030212
941	285	0.030183
942	382	0.030154
943	207	0.029981
944	1648	0.029899
945	726	0.029332
946	1690	0.029309
947	2158	0.029211
948	957	0.029208
949	1808	0.029182
950	1162	0.029157
951	1232	0.029053
952	1765	0.028941
953	234	0.028917
954	443	0.028797
955	1511	0.028736
956	1385	0.028664
957	139	0.028578
958	873	0.028366
959	106	0.028365
960	2456	0.028299
961	829	0.028014
962	547	0.027953
963	1183	0.027934
964	116	0.027898
965	1508	0.027877
966	1453	0.027837
967	1465	0.027704
968	2292	0.027692
969	2236	0.027684
970	400	0.027492
971	1538	0.027454
972	2190	0.027421
973	1787	0.027411
974	855	0.027377
975	1987	0.027288
976	1429	0.027275
977	37	0.026964
978	983	0.026925
979	2299	0.026903
980	2495	0.026896
981	2246	0.026649
982	1029	0.026433
983	1742	0.026402
984	1436	0.026388
985	1712	0.026214
986	794	0.026157
987	2010	0.026115
988	1688	0.026077
989	1102	0.025887
990	1246	0.025701
991	2485	0.025701
992	689	0.025687
993	1970	0.025587
994	62	0.025574
995	482	0.025567
996	26	0.025466
997	1265	0.025409
998	27	0.025345
999	2436	0.025299
1000	157	0.025089
1001	133	0.025081
1002	2258	0.024974
1003	2100	0.024794
1004	2131	0.024786
1005	271	0.024454
1006	88	0.024453
1007	471	0.024043
1008	861	0.024042
1009	1289	0.023996
1010	2179	0.023796
1011	2211	0.023704
1012	1528	0.023391
1013	2003	0.023388
1014	1089	0.023340
1015	605	0.023139
1016	372	0.022957
1017	1588	0.022868
1018	474	0.022816
1019	814	0.022772
1020	1420	0.022646
1021	1657	0.022589
1022	2083	0.022398
1023	710	0.022360
1024	1479	0.022336
1025	135	0.022302
1026	1638	0.022080
1027	378	0.022065
1028	1182	0.022004
1029	2024	0.021890
1030	1248	0.021808
1031	2028	0.021538
1032	1414	0.021521
1033	2395	0.021455
1034	32	0.021440
1035	1398	0.021418
1036	1553	0.021345
1037	2401	0.021316
1038	1757	0.021278
1039	2277	0.021068
1040	922	0.020587
1041	336	0.020487
1042	916	0.020461
1043	669	0.020459
1044	756	0.020428
1045	1463	0.020409
1046	2201	0.020349
1047	1901	0.020263
1048	1645	0.020185
1049	1464	0.020077
1050	1833	0.019958
1051	0	0.019951
1052	1594	0.019930
1053	1170	0.019913
1054	2229	0.019847
1055	1403	0.019651
1056	345	0.019633
1057	463	0.019597
1058	1194	0.019530
1059	742	0.019431
1060	2250	0.019353
1061	1687	0.019343
1062	1882	0.019081
1063	2317	0.018896
1064	1751	0.018852
1065	128	0.018787
1066	1262	0.018656
1067	678	0.018527
1068	656	0.018457
1069	1293	0.018338
1070	2425	0.018311
1071	2468	0.018110
1072	299	0.018093
1073	1563	0.018031
1074	373	0.017924
1075	2403	0.017923
1076	1196	0.017912
1077	912	0.017800
1078	342	0.017751
1079	926	0.017724
1080	1030	0.017703
1081	1993	0.017694
1082	1208	0.017693
1083	1340	0.017649
1084	2189	0.017574
1085	632	0.017228
1086	1486	0.017191
1087	1374	0.016941
1088	121	0.016935
1089	727	0.016868
1090	559	0.016849
1091	1896	0.016644
1092	141	0.016635
1093	531	0.016609
1094	1557	0.016299
1095	1471	0.016272
1096	1769	0.016051
1097	2023	0.015984
1098	979	0.015903
1099	821	0.015772
1100	1881	0.015574
1101	1355	0.015541
1102	698	0.015521
1103	1905	0.015451
1104	2086	0.015438
1105	2331	0.015407
1106	2080	0.015275
1107	1220	0.015262
1108	869	0.015188
1109	844	0.015180
1110	1649	0.015129
1111	1936	0.015125
1112	1191	0.015014
1113	947	0.014752
1114	1053	0.014669
1115	445	0.014665
1116	1051	0.014565
1117	1812	0.014482
1118	65	0.014424
1119	909	0.014383
1120	477	0.014244
1121	2043	0.014238
1122	718	0.014175
1123	1577	0.014124
1124	1875	0.014121
1125	1955	0.014097
1126	2036	0.014072
1127	2375	0.014012
1128	2323	0.013765
1129	1131	0.013586
1130	2384	0.013532
1131	1180	0.013416
1132	1443	0.013373
1133	911	0.013373
1134	107	0.013197
1135	2160	0.013191
1136	159	0.013183
1137	1699	0.013086
1138	329	0.012949
1139	251	0.012845
1140	1178	0.012761
1141	1260	0.012595
1142	1243	0.012542
1143	1754	0.012502
1144	2099	0.012492
1145	2406	0.012418
1146	1045	0.012299
1147	63	0.012243
1148	538	0.012118
1149	110	0.012032
1150	1665	0.011994
1151	1717	0.011891
1152	1832	0.011776
1153	2390	0.011543
1154	456	0.011495
1155	1008	0.011440
1156	90	0.011345
1157	1235	0.011242
1158	35	0.011224
1159	130	0.011149
1160	789	0.011139
1161	407	0.011122
1162	674	0.010816
1163	2445	0.010764
1164	1310	0.010707
1165	501	0.010623
1166	529	0.010606
1167	1063	0.010592
1168	717	0.009981
1169	2199	0.009964
1170	2075	0.009893
1171	2319	0.009876
1172	1921	0.009861
1173	661	0.009665
1174	1584	0.009317
1175	2207	0.009135
1176	1816	0.009093
1177	1524	0.009024
1178	1285	0.008894
1179	1064	0.008752
1180	640	0.008597
1181	383	0.008584
1182	813	0.008532
1183	1586	0.008469
1184	176	0.008462
1185	634	0.008369
1186	1803	0.008363
1187	810	0.008331
1188	682	0.008220
1189	537	0.008010
1190	1098	0.007747
1191	1770	0.007725
1192	1111	0.007668
1193	61	0.007547
1194	2381	0.007527
1195	600	0.007440
1196	171	0.007436
1197	738	0.007427
1198	5	0.007332
1199	2041	0.007227
1200	2112	0.007138
1201	2458	0.007122
1202	1870	0.007120
1203	24	0.007060
1204	2101	0.006902
1205	728	0.006900
1206	1826	0.006837
1207	1341	0.006800
1208	1186	0.006766
1209	715	0.006695
1210	884	0.006370
1211	1650	0.006126
1212	1872	0.006106
1213	819	0.006077
1214	490	0.006076
1215	1114	0.006017
1216	1203	0.005906
1217	1222	0.005895
1218	2374	0.005873
1219	1430	0.005813
1220	1433	0.005716
1221	30	0.005530
1222	511	0.005376
1223	1894	0.005156
1224	1734	0.005153
1225	1477	0.005113
1226	837	0.004984
1227	1395	0.004920
1228	759	0.004863
1229	2017	0.004789
1230	2032	0.004772
1231	1799	0.004662
1232	267	0.004641
1233	432	0.004554
1234	961	0.004494
1235	1217	0.004452
1236	929	0.004452
1237	143	0.004374
1238	1280	0.004237
1239	532	0.004224
1240	431	0.004168
1241	1022	0.004156
1242	2136	0.004026
1243	1130	0.003858
1244	1552	0.003812
1245	1381	0.003786
1246	1963	0.003682
1247	1380	0.003569
1248	243	0.003568
1249	1610	0.003516
1250	527	0.003468
1251	2157	0.003308
1252	2400	0.003250
1253	1173	0.002879
1254	502	0.002804
1255	1271	0.002745
1256	579	0.002697
1257	2434	0.002539
1258	168	0.001688
1259	433	0.001636
1260	2420	0.001614
1261	1933	0.001424
1262	472	0.001322
1263	567	0.001153
1264	2164	0.001115
1265	1048	0.001078
1266	636	0.001037
1267	1301	0.000943
1268	719	0.000838
1269	179	0.000716
1270	607	0.000672
1271	391	0.000590
1272	1675	0.000101
1273	1263	0.000069
1274	2015	-0.000090
1275	1228	-0.000117
1276	2480	-0.000204
1277	1076	-0.000341
1278	1635	-0.000353
1279	523	-0.000399
1280	1018	-0.000654
1281	1578	-0.000665
1282	1027	-0.000771
1283	2283	-0.000832
1284	2084	-0.000864
1285	1278	-0.000952
1286	338	-0.001013
1287	894	-0.001036
1288	1211	-0.001285
1289	1258	-0.001309
1290	2471	-0.001329
1291	2396	-0.001377
1292	2290	-0.001394
1293	440	-0.001467
1294	1444	-0.001486
1295	1862	-0.001497
1296	1867	-0.001520
1297	42	-0.001565
1298	590	-0.001654
1299	2062	-0.001733
1300	138	-0.001847
1301	1467	-0.001928
1302	815	-0.001953
1303	1617	-0.002047
1304	2268	-0.002086
1305	230	-0.002123
1306	1277	-0.002166
1307	831	-0.002202
1308	496	-0.002486
1309	959	-0.002509
1310	622	-0.002622
1311	1611	-0.002763
1312	2030	-0.002901
1313	971	-0.003132
1314	1200	-0.003143
1315	1274	-0.003153
1316	2231	-0.003269
1317	1684	-0.003469
1318	318	-0.003493
1319	115	-0.003538
1320	731	-0.003648
1321	1168	-0.003739
1322	1667	-0.003744
1323	2345	-0.003779
1324	805	-0.003789
1325	2303	-0.003808
1326	355	-0.003848
1327	1892	-0.003898
1328	137	-0.004065
1329	2324	-0.004067
1330	1128	-0.004084
1331	1219	-0.004132
1332	1236	-0.004485
1333	2494	-0.004552
1334	1213	-0.004714
1335	2065	-0.004852
1336	1783	-0.005045
1337	2186	-0.005051
1338	2478	-0.005069
1339	309	-0.005268
1340	3	-0.005337
1341	489	-0.005343
1342	659	-0.005778
1343	1976	-0.005788
1344	2397	-0.005904
1345	1842	-0.005985
1346	2209	-0.006214
1347	1441	-0.006236
1348	1408	-0.006257
1349	744	-0.006338
1350	187	-0.006387
1351	144	-0.006436
1352	882	-0.006438
1353	2087	-0.006534
1354	462	-0.006623
1355	388	-0.006815
1356	413	-0.006816
1357	2103	-0.007002
1358	808	-0.007020
1359	1966	-0.007040
1360	2410	-0.007226
1361	313	-0.007303
1362	2154	-0.007401
1363	1195	-0.007490
1364	557	-0.007677
1365	2088	-0.007845
1366	2346	-0.007892
1367	8	-0.007906
1368	2061	-0.007928
1369	1375	-0.007942
1370	1660	-0.007949
1371	574	-0.008093
1372	580	-0.008303
1373	359	-0.008739
1374	786	-0.008746
1375	2184	-0.008759
1376	1860	-0.008786
1377	1572	-0.008922
1378	1927	-0.008953
1379	2232	-0.009142
1380	1057	-0.009183
1381	1923	-0.009457
1382	397	-0.009757
1383	2354	-0.009903
1384	2173	-0.010057
1385	2453	-0.010360
1386	1056	-0.010410
1387	1024	-0.010421
1388	540	-0.010658
1389	1367	-0.011017
1390	984	-0.011086
1391	1917	-0.011327
1392	1749	-0.011577
1393	2044	-0.011695
1394	801	-0.011704
1395	401	-0.011784
1396	1865	-0.011804
1397	375	-0.011829
1398	256	-0.011882
1399	1827	-0.012102
1400	306	-0.012116
1401	2273	-0.012214
1402	1491	-0.012254
1403	2150	-0.012437
1404	1621	-0.012676
1405	1060	-0.012813
1406	457	-0.012993
1407	1179	-0.013195
1408	1824	-0.013207
1409	1869	-0.013340
1410	1817	-0.013702
1411	927	-0.014154
1412	1407	-0.014263
1413	1659	-0.014295
1414	800	-0.014357
1415	1854	-0.014414
1416	2140	-0.014416
1417	1364	-0.014452
1418	974	-0.014505
1419	2307	-0.014520
1420	408	-0.014521
1421	1643	-0.014540
1422	1412	-0.014553
1423	2352	-0.014729
1424	685	-0.014832
1425	1711	-0.014855
1426	1108	-0.014997
1427	2423	-0.015060
1428	530	-0.015137
1429	2027	-0.015194
1430	1483	-0.015233
1431	2370	-0.015359
1432	2255	-0.015467
1433	920	-0.015474
1434	2451	-0.015544
1435	1818	-0.016066
1436	558	-0.016084
1437	2060	-0.016095
1438	2275	-0.016113
1439	1646	-0.016285
1440	2081	-0.016358
1441	576	-0.016365
1442	550	-0.016376
1443	1676	-0.016650
1444	1345	-0.016680
1445	51	-0.016813
1446	1455	-0.016887
1447	688	-0.017094
1448	1416	-0.017204
1449	1297	-0.017209
1450	2473	-0.017356
1451	2276	-0.017370
1452	2337	-0.017551
1453	1096	-0.017579
1454	585	-0.017582
1455	1083	-0.017596
1456	2291	-0.017620
1457	917	-0.017670
1458	1320	-0.017696
1459	542	-0.017867
1460	1448	-0.017984
1461	956	-0.018144
1462	695	-0.018147
1463	1708	-0.018169
1464	2097	-0.018253
1465	261	-0.018363
1466	955	-0.018503
1467	1	-0.018581
1468	1738	-0.018947
1469	1509	-0.018949
1470	73	-0.019177
1471	1877	-0.019562
1472	2142	-0.019573
1473	414	-0.019661
1474	546	-0.019669
1475	200	-0.019777
1476	1459	-0.019807
1477	422	-0.020012
1478	322	-0.020016
1479	915	-0.020022
1480	1771	-0.020121
1481	2126	-0.020144
1482	202	-0.020155
1483	897	-0.020428
1484	2392	-0.020630
1485	2311	-0.020783
1486	1741	-0.020829
1487	1794	-0.020833
1488	1025	-0.021074
1489	29	-0.021089
1490	1716	-0.021141
1491	975	-0.021168
1492	875	-0.021190
1493	878	-0.021227
1494	1674	-0.021286
1495	1080	-0.021628
1496	1863	-0.021721
1497	2314	-0.021809
1498	1488	-0.021813
1499	85	-0.021843
1500	2048	-0.021895
1501	2399	-0.022047
1502	735	-0.022111
1503	2315	-0.022128
1504	1036	-0.022138
1505	1339	-0.022221
1506	772	-0.022246
1507	1085	-0.022306
1508	2497	-0.022364
1509	1575	-0.022475
1510	1579	-0.022687
1511	93	-0.022723
1512	1327	-0.022746
1513	2264	-0.022804
1514	21	-0.022851
1515	38	-0.022932
1516	1507	-0.022938
1517	71	-0.022977
1518	1216	-0.023290
1519	1123	-0.023329
1520	181	-0.023338
1521	1590	-0.023476
1522	1133	-0.023489
1523	123	-0.023550
1524	887	-0.023681
1525	1466	-0.023750
1526	154	-0.024107
1527	2137	-0.024139
1528	818	-0.024174
1529	1971	-0.024192
1530	755	-0.024618
1531	564	-0.024763
1532	2482	-0.025082
1533	781	-0.025130
1534	2398	-0.025172
1535	1241	-0.025330
1536	459	-0.025371
1537	1958	-0.025434
1538	603	-0.025436
1539	2304	-0.025575
1540	1047	-0.025646
1541	1360	-0.025764
1542	214	-0.025775
1543	885	-0.025826
1544	351	-0.025877
1545	2465	-0.026013
1546	1015	-0.026049
1547	2281	-0.026052
1548	212	-0.026204
1549	857	-0.026514
1550	2442	-0.026591
1551	1778	-0.026621
1552	2233	-0.026774
1553	768	-0.026827
1554	2411	-0.026908
1555	1264	-0.026913
1556	1273	-0.026927
1557	977	-0.026997
1558	1002	-0.027043
1559	1626	-0.027110
1560	931	-0.027163
1561	1829	-0.027163
1562	980	-0.027190
1563	660	-0.027213
1564	23	-0.027314
1565	1373	-0.027322
1566	2379	-0.027580
1567	642	-0.027600
1568	1510	-0.027850
1569	545	-0.027879
1570	1113	-0.028161
1571	1190	-0.028161
1572	255	-0.028240
1573	555	-0.028253
1574	533	-0.028277
1575	905	-0.028304
1576	998	-0.028319
1577	1596	-0.028337
1578	2422	-0.028427
1579	741	-0.028703
1580	12	-0.028747
1581	1654	-0.028778
1582	54	-0.028848
1583	1012	-0.028859
1584	1930	-0.028869
1585	2055	-0.028895
1586	436	-0.028954
1587	1633	-0.029089
1588	641	-0.029102
1589	2247	-0.029116
1590	2218	-0.029270
1591	2435	-0.029480
1592	277	-0.029513
1593	39	-0.029677
1594	2188	-0.030066
1595	1145	-0.030070
1596	2348	-0.030180
1597	1334	-0.030198
1598	1922	-0.030483
1599	1834	-0.030519
1600	328	-0.030608
1601	1919	-0.030775
1602	1121	-0.030803
1603	1294	-0.030950
1604	323	-0.031063
1605	2486	-0.031248
1606	2241	-0.031397
1607	2296	-0.031487
1608	667	-0.031642
1609	743	-0.031673
1610	395	-0.031819
1611	1309	-0.031821
1612	307	-0.031930
1613	464	-0.031944
1614	796	-0.031968
1615	2063	-0.031983
1616	224	-0.032082
1617	1536	-0.032086
1618	949	-0.032112
1619	2	-0.032128
1620	1697	-0.032154
1621	843	-0.032398
1622	966	-0.032444
1623	1953	-0.032464
1624	193	-0.032546
1625	1175	-0.032648
1626	390	-0.032650
1627	1276	-0.032799
1628	2413	-0.032918
1629	124	-0.033040
1630	1337	-0.033176
1631	1041	-0.033367
1632	1968	-0.033379
1633	1283	-0.033417
1634	1000	-0.033492
1635	148	-0.033494
1636	2414	-0.033729
1637	1988	-0.033791
1638	174	-0.033806
1639	2215	-0.033829
1640	1866	-0.033855
1641	347	-0.033948
1642	2248	-0.034172
1643	512	-0.034181
1644	1520	-0.034248
1645	1016	-0.034254
1646	2114	-0.034425
1647	1790	-0.034455
1648	675	-0.034652
1649	442	-0.034692
1650	809	-0.035253
1651	376	-0.035282
1652	1104	-0.035286
1653	1698	-0.035382
1654	1516	-0.035718
1655	2243	-0.035866
1656	1489	-0.036069
1657	2484	-0.036139
1658	626	-0.036361
1659	1472	-0.036386
1660	449	-0.036401
1661	1461	-0.036433
1662	1397	-0.036514
1663	1458	-0.036624
1664	1311	-0.036990
1665	2019	-0.037023
1666	1019	-0.037024
1667	1999	-0.037062
1668	1142	-0.037084
1669	2102	-0.037155
1670	2267	-0.037294
1671	2000	-0.037401
1672	1343	-0.037477
1673	2195	-0.037587
1674	2110	-0.037626
1675	820	-0.037630
1676	370	-0.037686
1677	1746	-0.037948
1678	1715	-0.038108
1679	2469	-0.038203
1680	856	-0.038245
1681	423	-0.038264
1682	1599	-0.038359
1683	1781	-0.038382
1684	1748	-0.038383
1685	1673	-0.038433
1686	951	-0.038574
1687	305	-0.038619
1688	1566	-0.038796
1689	1493	-0.038874
1690	1893	-0.038916
1691	1193	-0.038951
1692	31	-0.039351
1693	405	-0.039519
1694	1764	-0.039552
1695	1037	-0.039580
1696	1109	-0.039741
1697	1814	-0.039765
1698	696	-0.039926
1699	402	-0.039929
1700	84	-0.039998
1701	773	-0.040193
1702	1551	-0.040328
1703	1558	-0.040394
1704	1411	-0.040468
1705	1595	-0.041233
1706	2051	-0.041321
1707	325	-0.041586
1708	812	-0.041641
1709	898	-0.041702
1710	2441	-0.041737
1711	1982	-0.041880
1712	2371	-0.041932
1713	425	-0.042001
1714	2368	-0.042074
1715	334	-0.042349
1716	1664	-0.042400
1717	1531	-0.042457
1718	1137	-0.042465
1719	1744	-0.042483
1720	435	-0.042537
1721	562	-0.042582
1722	992	-0.042584
1723	1662	-0.042598
1724	614	-0.042743
1725	1167	-0.043180
1726	2057	-0.043187
1727	291	-0.043231
1728	270	-0.043334
1729	426	-0.043351
1730	1476	-0.043415
1731	1332	-0.043489
1732	1593	-0.043512
1733	1560	-0.043746
1734	662	-0.043792
1735	1069	-0.043812
1736	481	-0.043853
1737	770	-0.043853
1738	830	-0.043912
1739	1409	-0.043986
1740	1295	-0.044073
1741	1269	-0.044216
1742	2472	-0.044279
1743	377	-0.044389
1744	406	-0.044660
1745	263	-0.044742
1746	2313	-0.044770
1747	311	-0.044919
1748	751	-0.045103
1749	2429	-0.045107
1750	419	-0.045150
1751	860	-0.045250
1752	1614	-0.045341
1753	1215	-0.045503
1754	754	-0.045605
1755	1300	-0.045613
1756	2475	-0.045621
1757	886	-0.045681
1758	2330	-0.045773
1759	48	-0.045900
1760	1282	-0.046051
1761	494	-0.046190
1762	120	-0.046275
1763	2109	-0.046434
1764	534	-0.046460
1765	2260	-0.046467
1766	341	-0.046476
1767	2007	-0.046485
1768	1292	-0.046510
1769	348	-0.046519
1770	848	-0.046875
1771	241	-0.046941
1772	1399	-0.047178
1773	2361	-0.047231
1774	1616	-0.047332
1775	2090	-0.047390
1776	498	-0.047412
1777	864	-0.047599
1778	235	-0.047842
1779	248	-0.047954
1780	2237	-0.047969
1781	671	-0.047994
1782	2174	-0.048162
1783	1378	-0.048552
1784	2144	-0.048703
1785	647	-0.049008
1786	2066	-0.049341
1787	362	-0.049353
1788	132	-0.049438
1789	450	-0.049597
1790	2238	-0.049650
1791	304	-0.049851
1792	50	-0.049860
1793	945	-0.050024
1794	672	-0.050661
1795	67	-0.050714
1796	337	-0.050749
1797	1606	-0.050847
1798	162	-0.050900
1799	1499	-0.051033
1800	2448	-0.051033
1801	1088	-0.051357
1802	298	-0.051396
1803	1303	-0.051444
1804	1785	-0.051463
1805	904	-0.051514
1806	948	-0.051606
1807	806	-0.051680
1808	1628	-0.051801
1809	321	-0.051954
1810	2488	-0.052067
1811	1853	-0.052091
1812	2279	-0.052107
1813	2054	-0.052267
1814	783	-0.052284
1815	2426	-0.052300
1816	1607	-0.052382
1817	871	-0.052398
1818	197	-0.052404
1819	645	-0.052413
1820	1545	-0.052511
1821	2437	-0.052682
1822	1366	-0.053030
1823	226	-0.053043
1824	823	-0.053050
1825	2029	-0.053056
1826	1750	-0.053100
1827	767	-0.053208
1828	412	-0.053413
1829	787	-0.053553
1830	2133	-0.053583
1831	78	-0.053757
1832	2417	-0.053760
1833	312	-0.053862
1834	488	-0.053877
1835	536	-0.053931
1836	249	-0.053981
1837	1259	-0.054041
1838	1496	-0.054297
1839	1952	-0.054311
1840	1763	-0.054343
1841	1328	-0.054558
1842	2182	-0.054655
1843	1157	-0.054764
1844	2343	-0.054781
1845	995	-0.054824
1846	6	-0.054897
1847	2119	-0.055096
1848	1003	-0.055295
1849	704	-0.055439
1850	1737	-0.055489
1851	2452	-0.055853
1852	1934	-0.055896
1853	2409	-0.055925
1854	655	-0.056012
1855	895	-0.056080
1856	817	-0.056101
1857	363	-0.056306
1858	2249	-0.056394
1859	1632	-0.056398
1860	1351	-0.056585
1861	552	-0.056591
1862	2123	-0.056695
1863	526	-0.056831
1864	771	-0.056971
1865	987	-0.057136
1866	2462	-0.057137
1867	1061	-0.057307
1868	343	-0.057344
1869	112	-0.057590
1870	841	-0.057603
1871	1622	-0.057709
1872	1702	-0.057735
1873	1887	-0.057915
1874	2463	-0.057929
1875	2226	-0.057972
1876	1758	-0.058007
1877	222	-0.058078
1878	842	-0.058210
1879	1075	-0.058305
1880	2185	-0.058457
1881	1434	-0.058500
1882	2171	-0.058742
1883	853	-0.058882
1884	151	-0.058991
1885	250	-0.059046
1886	1546	-0.059488
1887	1587	-0.059544
1888	1347	-0.059743
1889	733	-0.059782
1890	2282	-0.059786
1891	863	-0.059821
1892	163	-0.059861
1893	708	-0.059982
1894	996	-0.060020
1895	290	-0.060034
1896	993	-0.060221
1897	1234	-0.060462
1898	1960	-0.060506
1899	178	-0.060525
1900	1033	-0.060574
1901	404	-0.060602
1902	1141	-0.060708
1903	2187	-0.060731
1904	2198	-0.060999
1905	609	-0.061041
1906	1571	-0.061380
1907	506	-0.061516
1908	2305	-0.061594
1909	666	-0.061672
1910	468	-0.061737
1911	1703	-0.061921
1912	953	-0.062003
1913	1745	-0.062176
1914	1722	-0.062285
1915	982	-0.062677
1916	2470	-0.062766
1917	59	-0.063034
1918	1858	-0.063045
1919	2026	-0.063177
1920	1099	-0.063216
1921	368	-0.063285
1922	1561	-0.063468
1923	1487	-0.064107
1924	2013	-0.064228
1925	1789	-0.064291
1926	908	-0.064537
1927	1348	-0.064562
1928	1975	-0.064565
1929	1052	-0.064574
1930	928	-0.064947
1931	1625	-0.065377
1932	233	-0.065624
1933	758	-0.065731
1934	219	-0.065754
1935	34	-0.065829
1936	1266	-0.065989
1937	1755	-0.066342
1938	1419	-0.066605
1939	205	-0.066757
1940	1724	-0.066836
1941	2457	-0.067002
1942	2005	-0.067035
1943	2193	-0.067060
1944	1839	-0.067122
1945	246	-0.067165
1946	2074	-0.067249
1947	2297	-0.067313
1948	776	-0.067341
1949	1166	-0.067440
1950	1107	-0.067490
1951	247	-0.067749
1952	663	-0.067752
1953	2156	-0.067955
1954	1909	-0.067960
1955	761	-0.068069
1956	1149	-0.068120
1957	2127	-0.068120
1958	792	-0.068159
1959	867	-0.068260
1960	677	-0.068306
1961	2464	-0.068315
1962	619	-0.068417
1963	1087	-0.068516
1964	68	-0.068760
1965	889	-0.068850
1966	740	-0.068995
1967	516	-0.069164
1968	1172	-0.069202
1969	1365	-0.069303
1970	1961	-0.069369
1971	1849	-0.069545
1972	1942	-0.069618
1973	2300	-0.069676
1974	1661	-0.069938
1975	1325	-0.070036
1976	958	-0.070498
1977	1249	-0.070685
1978	1704	-0.070749
1979	1714	-0.070772
1980	1138	-0.071429
1981	1859	-0.071512
1982	2132	-0.071623
1983	1788	-0.071708
1984	1964	-0.071784
1985	1314	-0.072213
1986	252	-0.072285
1987	28	-0.072598
1988	716	-0.072654
1989	2168	-0.072680
1990	2113	-0.072726
1991	1383	-0.072765
1992	473	-0.073001
1993	2461	-0.073192
1994	1239	-0.073316
1995	49	-0.073395
1996	2016	-0.073422
1997	1736	-0.073464
1998	275	-0.073577
1999	2380	-0.073619
2000	1805	-0.073691
2001	1868	-0.073712
2002	1729	-0.073794
2003	1035	-0.073861
2004	1135	-0.073862
2005	535	-0.073866
2006	1462	-0.073928
2007	2450	-0.074117
2008	1437	-0.074186
2009	515	-0.074207
2010	2139	-0.074357
2011	1017	-0.074529
2012	478	-0.074653
2013	131	-0.074714
2014	681	-0.075099
2015	1841	-0.075300
2016	1067	-0.075482
2017	142	-0.075594
2018	1221	-0.075782
2019	635	-0.075857
2020	2309	-0.075877
2021	2272	-0.075926
2022	140	-0.075972
2023	835	-0.076119
2024	125	-0.076207
2025	1642	-0.076218
2026	1318	-0.076330
2027	598	-0.076401
2028	1997	-0.076410
2029	589	-0.076414
2030	145	-0.076587
2031	939	-0.076592
2032	1418	-0.076657
2033	1619	-0.076716
2034	543	-0.076966
2035	2121	-0.076968
2036	1954	-0.077511
2037	2047	-0.077819
2038	1884	-0.077983
2039	1601	-0.078329
2040	769	-0.078573
2041	476	-0.078590
2042	1658	-0.078605
2043	1225	-0.078732
2044	2125	-0.078739
2045	1377	-0.078824
2046	637	-0.078878
2047	2111	-0.079306
2048	448	-0.079491
2049	697	-0.079498
2050	1134	-0.079699
2051	597	-0.079702
2052	1140	-0.080045
2053	1268	-0.080160
2054	441	-0.080498
2055	1255	-0.080521
2056	1226	-0.080763
2057	1165	-0.080888
2058	1086	-0.080897
2059	2228	-0.081196
2060	398	-0.081250
2061	164	-0.081329
2062	1908	-0.081419
2063	839	-0.081466
2064	1576	-0.081545
2065	1948	-0.081677
2066	1529	-0.081819
2067	1547	-0.082095
2068	1693	-0.082115
2069	161	-0.082124
2070	1540	-0.082292
2071	1898	-0.082511
2072	2259	-0.082546
2073	1005	-0.082588
2074	1326	-0.082739
2075	76	-0.082837
2076	1020	-0.082843
2077	1669	-0.082879
2078	2402	-0.083116
2079	1718	-0.083116
2080	103	-0.083123
2081	1317	-0.083135
2082	1184	-0.083746
2083	1206	-0.083792
2084	560	-0.083816
2085	581	-0.083884
2086	358	-0.083904
2087	1517	-0.084059
2088	1995	-0.084160
2089	1811	-0.084403
2090	2155	-0.084475
2091	1330	-0.084741
2092	2104	-0.085080
2093	33	-0.085344
2094	1281	-0.085735
2095	712	-0.086215
2096	1394	-0.086323
2097	1535	-0.086370
2098	1727	-0.086740
2099	1059	-0.086881
2100	97	-0.087068
2101	1837	-0.087153
2102	108	-0.087207
2103	1210	-0.087352
2104	302	-0.087899
2105	177	-0.087955
2106	1798	-0.088070
2107	2135	-0.088092
2108	1991	-0.088148
2109	2278	-0.088155
2110	15	-0.088255
2111	237	-0.088545
2112	1696	-0.088652
2113	2170	-0.088666
2114	1204	-0.088710
2115	1095	-0.088747
2116	1058	-0.088857
2117	633	-0.088872
2118	2393	-0.089054
2119	453	-0.089358
2120	1515	-0.089378
2121	941	-0.089396
2122	729	-0.089569
2123	1331	-0.089571
2124	618	-0.089782
2125	1602	-0.090133
2126	1192	-0.090219
2127	1768	-0.090340
2128	1460	-0.090474
2129	870	-0.090496
2130	1912	-0.090837
2131	1605	-0.090923
2132	2444	-0.090939
2133	627	-0.091068
2134	1124	-0.091083
2135	1082	-0.091470
2136	1205	-0.091480
2137	1978	-0.091559
2138	985	-0.091615
2139	2134	-0.091646
2140	332	-0.091678
2141	1502	-0.091892
2142	1728	-0.091903
2143	89	-0.092014
2144	386	-0.092024
2145	1315	-0.092220
2146	2033	-0.092535
2147	308	-0.092576
2148	315	-0.093161
2149	2077	-0.093312
2150	56	-0.093466
2151	1256	-0.093615
2152	2166	-0.093732
2153	1371	-0.093766
2154	1091	-0.093796
2155	620	-0.094023
2156	2002	-0.094102
2157	826	-0.094325
2158	1129	-0.094440
2159	1533	-0.094464
2160	720	-0.094504
2161	350	-0.094551
2162	1555	-0.094923
2163	1344	-0.094971
2164	1926	-0.095060
2165	629	-0.095217
2166	1431	-0.095242
2167	610	-0.095393
2168	1354	-0.095453
2169	638	-0.095607
2170	1822	-0.095702
2171	77	-0.096148
2172	1861	-0.096181
2173	1603	-0.096222
2174	1156	-0.096332
2175	965	-0.096382
2176	1759	-0.096567
2177	344	-0.097066
2178	2120	-0.097079
2179	934	-0.097120
2180	1779	-0.097145
2181	1475	-0.097218
2182	1974	-0.097631
2183	1647	-0.097751
2184	2251	-0.097821
2185	192	-0.098049
2186	2117	-0.098150
2187	1692	-0.098418
2188	1747	-0.098453
2189	1090	-0.098492
2190	2280	-0.098507
2191	1313	-0.098541
2192	960	-0.098702
2193	612	-0.098732
2194	1935	-0.099067
2195	1521	-0.099442
2196	700	-0.099453
2197	365	-0.099490
2198	850	-0.099502
2199	1119	-0.099582
2200	1112	-0.099923
2201	1199	-0.099962
2202	149	-0.100058
2203	890	-0.100085
2204	1201	-0.100136
2205	807	-0.100291
2206	1267	-0.100341
2207	170	-0.100567
2208	122	-0.101133
2209	2050	-0.101452
2210	2377	-0.101551
2211	296	-0.101891
2212	2159	-0.102010
2213	2175	-0.102115
2214	1100	-0.102185
2215	1891	-0.102483
2216	399	-0.102851
2217	1198	-0.103018
2218	1189	-0.103019
2219	379	-0.103060
2220	2476	-0.103098
2221	752	-0.103268
2222	95	-0.103424
2223	394	-0.103787
2224	58	-0.103886
2225	1153	-0.103928
2226	1187	-0.103986
2227	14	-0.104040
2228	455	-0.104748
2229	1224	-0.104763
2230	899	-0.104808
2231	1730	-0.104829
2232	2245	-0.105227
2233	2295	-0.105276
2234	749	-0.105631
2235	25	-0.105668
2236	1482	-0.105722
2237	41	-0.105805
2238	360	-0.106431
2239	2129	-0.106500
2240	828	-0.106577
2241	367	-0.106981
2242	593	-0.107084
2243	1446	-0.107184
2244	784	-0.107230
2245	2479	-0.107238
2246	684	-0.107565
2247	891	-0.107568
2248	2288	-0.107981
2249	2340	-0.108114
2250	324	-0.108452
2251	483	-0.108524
2252	624	-0.108530
2253	2071	-0.108570
2254	1117	-0.109142
2255	1773	-0.109968
2256	2118	-0.110375
2257	753	-0.110620
2258	2285	-0.110647
2259	265	-0.111219
2260	2270	-0.111722
2261	160	-0.111739
2262	2151	-0.111980
2263	2342	-0.112089
2264	572	-0.112438
2265	2367	-0.112657
2266	292	-0.112685
2267	651	-0.113283
2268	146	-0.113329
2269	272	-0.113366
2270	1423	-0.113427
2271	777	-0.113466
2272	906	-0.114034
2273	1721	-0.114168
2274	2418	-0.114335
2275	2261	-0.114573
2276	1290	-0.114614
2277	587	-0.114765
2278	1481	-0.114815
2279	216	-0.115095
2280	1227	-0.115390
2281	2106	-0.115718
2282	2320	-0.115993
2283	571	-0.116001
2284	747	-0.116271
2285	1402	-0.116519
2286	1382	-0.117213
2287	2332	-0.117659
2288	509	-0.117927
2289	1357	-0.118160
2290	1760	-0.118552
2291	1417	-0.118735
2292	764	-0.119146
2293	1886	-0.119810
2294	2287	-0.120031
2295	2012	-0.120177
2296	1447	-0.120611
2297	366	-0.120858
2298	2025	-0.121094
2299	40	-0.121243
2300	952	-0.121491
2301	330	-0.121632
2302	1969	-0.121713
2303	2404	-0.121728
2304	1497	-0.121901
2305	2224	-0.121955
2306	2487	-0.122099
2307	1485	-0.122312
2308	1994	-0.122754
2309	283	-0.122916
2310	1011	-0.123032
2311	519	-0.123150
2312	497	-0.123472
2313	1079	-0.123726
2314	1782	-0.123924
2315	2284	-0.124168
2316	1986	-0.124207
2317	1066	-0.124279
2318	524	-0.124406
2319	1713	-0.124563
2320	2219	-0.124592
2321	374	-0.124621
2322	615	-0.125015
2323	495	-0.125806
2324	690	-0.125809
2325	1233	-0.126431
2326	279	-0.126692
2327	932	-0.126967
2328	1028	-0.127165
2329	1526	-0.127378
2330	565	-0.127509
2331	2419	-0.127634
2332	66	-0.127802
2333	1913	-0.128033
2334	2322	-0.128157
2335	2034	-0.128174
2336	387	-0.128413
2337	349	-0.128897
2338	1992	-0.128993
2339	1821	-0.129255
2340	208	-0.129317
2341	1296	-0.129480
2342	1164	-0.129631
2343	1468	-0.129685
2344	357	-0.129799
2345	583	-0.129929
2346	838	-0.130309
2347	2336	-0.130351
2348	1379	-0.130930
2349	2327	-0.130954
2350	2078	-0.131705
2351	1388	-0.132146
2352	72	-0.132441
2353	2387	-0.133011
2354	2204	-0.133969
2355	2454	-0.133989
2356	518	-0.134702
2357	865	-0.134830
2358	1329	-0.134908
2359	2438	-0.134926
2360	98	-0.134967
2361	594	-0.135119
2362	921	-0.135319
2363	2148	-0.135509
2364	282	-0.135617
2365	424	-0.135916
2366	517	-0.136379
2367	582	-0.136455
2368	1214	-0.136657
2369	2096	-0.137107
2370	2440	-0.137196
2371	1624	-0.137361
2372	623	-0.137539
2373	1719	-0.137721
2374	1174	-0.138167
2375	1506	-0.138436
2376	2091	-0.138732
2377	1519	-0.139090
2378	1492	-0.139421
2379	1707	-0.139580
2380	2244	-0.139631
2381	1838	-0.139792
2382	1139	-0.141005
2383	2122	-0.141146
2384	2230	-0.141168
2385	775	-0.141623
2386	43	-0.142892
2387	244	-0.143089
2388	2254	-0.143198
2389	287	-0.143553
2390	840	-0.144233
2391	2385	-0.144529
2392	2014	-0.144565
2393	102	-0.144845
2394	1681	-0.144943
2395	2356	-0.145523
2396	2094	-0.145712
2397	888	-0.145920
2398	1257	-0.146095
2399	521	-0.146109
2400	109	-0.146285
2401	1825	-0.146703
2402	1349	-0.149126
2403	964	-0.149254
2404	492	-0.149284
2405	273	-0.149528
2406	9	-0.150328
2407	2325	-0.150692
2408	2076	-0.150879
2409	525	-0.150890
2410	1143	-0.151026
2411	1784	-0.151706
2412	1043	-0.151713
2413	2056	-0.152085
2414	2225	-0.152354
2415	153	-0.153350
2416	82	-0.153552
2417	893	-0.153792
2418	467	-0.154596
2419	989	-0.155055
2420	907	-0.155818
2421	1240	-0.155906
2422	554	-0.156111
2423	262	-0.156191
2424	1120	-0.156664
2425	1949	-0.156813
2426	658	-0.157271
2427	644	-0.157340
2428	1929	-0.158004
2429	127	-0.158668
2430	1609	-0.159059
2431	774	-0.159062
2432	1306	-0.159437
2433	1739	-0.159762
2434	1242	-0.160294
2435	1686	-0.160552
2436	7	-0.161362
2437	1171	-0.161602
2438	617	-0.161784
2439	657	-0.161831
2440	1316	-0.163350
2441	962	-0.163502
2442	2347	-0.164855
2443	2064	-0.165304
2444	505	-0.165391
2445	36	-0.166446
2446	802	-0.167307
2447	1562	-0.168511
2448	601	-0.169457
2449	1871	-0.170874
2450	392	-0.173170
2451	725	-0.173331
2452	791	-0.174468
2453	1032	-0.174836
2454	1851	-0.174976
2455	1914	-0.176422
2456	1581	-0.177274
2457	2115	-0.177494
2458	364	-0.178533
2459	1480	-0.179521
2460	1597	-0.181204
2461	990	-0.182371
2462	354	-0.183616
2463	1615	-0.183825
2464	2271	-0.183856
2465	1889	-0.185208
2466	2124	-0.185287
2467	836	-0.186098
2468	1504	-0.186769
2469	563	-0.187599
2470	876	-0.188008
2471	293	-0.189817
2472	134	-0.190449
2473	166	-0.190979
2474	46	-0.193485
2475	429	-0.194205
2476	1800	-0.197623
2477	631	-0.199983
2478	1689	-0.200470
2479	1490	-0.200868
2480	2293	-0.201016
2481	2178	-0.201621
2482	2394	-0.202347
2483	105	-0.203622
2484	361	-0.205649
2485	2391	-0.206261
2486	668	-0.207619
2487	1544	-0.211783
2488	1523	-0.212369
2489	446	-0.220136
2490	1010	-0.220646
2491	1009	-0.221040
2492	101	-0.223848
2493	47	-0.224477
2494	1918	-0.234002
2495	1034	-0.236216
2496	1223	-0.239383
2497	1965	-0.249375
2498	1055	-0.264242
2499	924	-0.295541
2500	2256	-0.320396
